11111111111111111111111111111111111
111111111111111                   1
111111111111                      1
1111111111      111               1
11111111      111111              1
11111        11  111              1
111              111              1
1                111              1
1                111              1
1                111              1
1                111              1
1                111              1
1                111            111
1                111          11111
1               11111      11111111
1                        1111111111
1                      111111111111
1                   111111111111111
11111111111111111111111111111111111

