33333333333333333333333333333333333
333333333333333                   3
333333333333                      3
3333333333                        3
33333333    333333333             3
33333               333           3
333                 333           3
3                  333            3
3              3333333            3
3                    333          3
3                     333         3
3                     333         3
3          333        33        333
3           333     333       33333
3             333333       33333333
3                        3333333333
3                      333333333333
3                   333333333333333
33333333333333333333333333333333333