55555555555555555555555555555555555
555555555555555                   5
555555555555                      5
555555555  55555555555555         5
55555      555                    5
555        555                    5
5          555                    5
5          555                    5
5          555555555555           5
5                    5555         5
5                     555         5
5                     5555        5
5          555        555       555
5           5555    5555      55555
5              555555      55555555
5                        5555555555
5                      555555555555
5                   555555555555555
55555555555555555555555555555555555
