66666666666666666666666666666666666
666666666666666                   6
666666666666                      6
6666666666       6                6
66666666     6666 6666            6
66666      666                    6
666       666                     6
6         666                     6
6         666666666666            6
6         6666       666          6
6         666         666         6
6         666         666         6
6          66         66        666
6           6666   6666       66666
6               666        66666666
6                        6666666666
6                      666666666666
6                   666666666666666
66666666666666666666666666666666666

