88888888888888888888888888888888888
888888888888888                    
888888888888                       
8888888888                         
88888888      88888888             
88888        88     888            
888         888     888            
8            8888  888             
             888888888             
           888       888           
          888         888          
          888         888         8
           88        8888       888
            888     888       88888
               888888      88888888
                         8888888888
                       888888888888
                    888888888888888
88888888888888888888888888888888888
